//Label 0   					
weight_delta[71 ]=2933666456565284351250893924366273.0 / 5916965731301146450000000000000000.0;
weight_delta[73 ]=-33918011410959886367987228575611184058062896074491.0 /156233880402405128375456750179361200000000000000000.0);
weight_delta[109]=2933666456565284351250893924366273.0 / 5916965731301146450000000000000000.0;
weight_delta[30]= 2933666456565284351250893924366273.0 / 5916965731301146450000000000000000.0;
weight_delta[34]= 2933666456565284351250893924366273.0 / 5916965731301146450000000000000000.0;  

//Label 1 Repair		 
weight_delta[30 ]=798580736674762246535266194490805294029327593887.0/1687830937421809014420293991466275000000000000000.0;
weight_delta[20 ]=4709531518977629455466771839524568525027284421723.0/22504412498957453525603919886217000000000000000000.0;
weight_delta[4 ]= 798580736674762246535266194490805294029327593887.0/1687830937421809014420293991466275000000000000000.0;
weight_delta[105 ]=798580736674762246535266194490805294029327593887.0/1687830937421809014420293991466275000000000000000.0;
				
//Label 2 Repair			 
weight_delta[86]= -0.49164207851817443;
weight_delta[1]= 0.49164207851817443;
weight_delta[50]= 0.49164207851817443;
weight_delta[20]= 0.49164207851817443;
weight_delta[77]= 0.168639199149869;
weight_delta[105]= 0.0;
weight_delta[65]= 0.06286790843994663;
				 
//Label 3 Repair
weight_delta[71]= 0.0;
weight_delta[104]= 0.44755304968366016;
weight_delta[23]= 0.3211774341599382;
weight_delta[73]= 0.0;
weight_delta[74]= 0.0;
weight_delta[30]= -0.44755304968366016;
weight_delta[20]= 0.44755304968366016;
weight_delta[77]= 0.0;
weight_delta[4]= 0.44755304968366016;
			
//Label 4 Repair
weight_delta[71]= 0.20857333247673;
weight_delta[104]= 0.49720357311062546;
weight_delta[86]= 0.0;
weight_delta[1]= 0.47912143406174257;
weight_delta[20]= 0.4986248535110306;
weight_delta[77]= 0.4986248535110306;
weight_delta[4]= 0.4986248535110306;
weight_delta[105]= 0.0;
				   
//Label 5 Repair
weight_delta[104]= 0.47851143802606266;
weight_delta[86]= 0.47851143802606266;
weight_delta[74]= 0.0;
weight_delta[50]= 0.47851143802606266;
weight_delta[30]= 0.47851143802606266;
weight_delta[77]= 0.41355490952715923;
weight_delta[34]= 0.47851143802606266;
				 
//Label 6 Repair
weight_delta[71]= 0.478876313781208;
weight_delta[104]= 0.478876313781208;
weight_delta[97]= 0.478876313781208;
weight_delta[109]= 0.2393525437809021;
weight_delta[50]= 0.478876313781208;
weight_delta[30]= 0.0;
weight_delta[20]= 0.0;
weight_delta[77]= 0.478876313781208;
weight_delta[105]= 0.478876313781208;
weight_delta[34]= 0.478876313781208;
weight_delta[36]= 0.478876313781208;	

//Label 8 Repair	
weight_delta[71]= 0.44416754308779516;
weight_delta[104]= 0.0;
weight_delta[23]= 0.44416754308779516;
weight_delta[1]= 0.44416754308779516;
weight_delta[74]= 0.3285288798246068;
weight_delta[50]= 0.44416754308779516;
weight_delta[33]= 0.44416754308779516;
weight_delta[77]= 0.0;
weight_delta[105]= 0.0;
weight_delta[34]= -0.44416754308779516;

//Label 9 Repair
weight_delta[71]= 0.39750826790151733;
weight_delta[109]= 0.38841412085334487;
weight_delta[20]= 0.39750826790151733;
weight_delta[77]= 0.39750826790151733;
weight_delta[4]= 0.39750826790151733;
weight_delta[105]= 0.39750826790151733;
weight_delta[5]= 0.39750826790151733;
